Exercíco: 0, Threads: 1, Arquivo2: 0
0.000126
0.000126
0.000114
0.000166
Exercíco: 0, Threads: 1, Arquivo2: 1000
0.057921
0.058016
0.057919
0.057852
Exercíco: 0, Threads: 1, Arquivo2: 100000
5.589252
5.623402
5.631391
5.580280
Exercíco: 0, Threads: 1, Arquivo2: 200000
10.902761
10.704614
10.728162
10.949981
Exercíco: 2, Threads: 1, Arquivo2: 0
0.000096
0.000095
0.000074
0.000077
Exercíco: 2, Threads: 1, Arquivo2: 1000
0.009906
0.010642
0.009982
0.009936
Exercíco: 2, Threads: 1, Arquivo2: 100000
0.970494
0.962067
0.968906
0.968682
Exercíco: 2, Threads: 1, Arquivo2: 200000
1.896041
1.903743
1.893287
1.875105
Exercíco: 1, Threads: 1, Arquivo2: 0
0.000247
0.000217
0.000226
0.000223
Exercíco: 1, Threads: 1, Arquivo2: 1000
0.060190
0.060936
0.064162
0.060530
Exercíco: 1, Threads: 1, Arquivo2: 100000
5.764517
5.827528
6.191331
5.728707
Exercíco: 1, Threads: 1, Arquivo2: 200000
11.125182
11.439218
11.356100
11.068264
Exercíco: 3, Threads: 1, Arquivo2: 0
0.000095
0.000105
0.000104
0.000093
Exercíco: 3, Threads: 1, Arquivo2: 1000
0.010106
0.010279
0.010304
0.010037
Exercíco: 3, Threads: 1, Arquivo2: 100000
0.961287
0.969107
0.966217
0.972319
Exercíco: 3, Threads: 1, Arquivo2: 200000
1.915758
1.912404
2.000030
2.010619
Exercíco: 1, Threads: 2, Arquivo2: 0
0.000525
0.000508
0.000519
0.000615
Exercíco: 1, Threads: 2, Arquivo2: 1000
0.035029
0.037103
0.036758
0.034736
Exercíco: 1, Threads: 2, Arquivo2: 100000
3.320035
3.319105
3.285420
3.320516
Exercíco: 1, Threads: 2, Arquivo2: 200000
6.368187
6.437626
6.441787
6.403931
Exercíco: 3, Threads: 2, Arquivo2: 0
0.000226
0.000214
0.000217
0.000223
Exercíco: 3, Threads: 2, Arquivo2: 1000
0.006262
0.006513
0.006236
0.006534
Exercíco: 3, Threads: 2, Arquivo2: 100000
0.576669
0.564117
0.572120
0.562222
Exercíco: 3, Threads: 2, Arquivo2: 200000
1.111764
1.086081
1.084519
1.111027
Exercíco: 1, Threads: 4, Arquivo2: 0
0.001053
0.000775
0.001040
0.001135
Exercíco: 1, Threads: 4, Arquivo2: 1000
0.025910
0.021214
0.024451
0.020965
Exercíco: 1, Threads: 4, Arquivo2: 100000
2.252631
2.028985
2.033069
2.036935
Exercíco: 1, Threads: 4, Arquivo2: 200000
4.350452
3.855843
3.859309
3.875396
Exercíco: 3, Threads: 4, Arquivo2: 0
0.000241
0.000252
0.000264
0.000249
Exercíco: 3, Threads: 4, Arquivo2: 1000
0.004155
0.004204
0.004425
0.004891
Exercíco: 3, Threads: 4, Arquivo2: 100000
0.359888
0.359144
0.360946
0.359330
Exercíco: 3, Threads: 4, Arquivo2: 200000
0.710475
0.712261
0.709916
0.680153
Exercíco: 1, Threads: 8, Arquivo2: 0
0.001417
0.001427
0.001375
0.001809
Exercíco: 1, Threads: 8, Arquivo2: 1000
0.021140
0.018047
0.017550
0.016509
Exercíco: 1, Threads: 8, Arquivo2: 100000
1.885915
1.818919
1.544809
1.560858
Exercíco: 1, Threads: 8, Arquivo2: 200000
2.955820
2.949129
2.938157
2.978689
Exercíco: 3, Threads: 8, Arquivo2: 0
0.000328
0.001018
0.000324
0.000327
Exercíco: 3, Threads: 8, Arquivo2: 1000
0.003685
0.003650
0.003922
0.003301
Exercíco: 3, Threads: 8, Arquivo2: 100000
0.257831
0.259019
0.258005
0.259746
Exercíco: 3, Threads: 8, Arquivo2: 200000
0.482055
0.524377
0.504222
0.503896
